448
1054
1090
32
1075
1086
1088
1072
1090
1072
32
1080
1079
1083
1080
1079
1072
1090
32
1089
1090
1088
1072
1085
1085
1080
32
1089
1098
1097
1077
1089
1090
1074
1072
44
32
1082
1086
1080
1090
1086
32
1085
1072
1087
1072
1076
1072
1090
32
13
10
1089
1086
1073
1089
1090
1074
1077
1085
1086
1090
1086
32
1090
1080
32
1089
1077
1083
1086
46
32
1045
1076
1080
1085
1089
1090
1074
1077
1085
1086
1090
1086
44
32
1086
1090
32
1082
1086
1077
1090
1086
32
1089
1077
32
1089
1090
1088
1072
1093
1091
1074
1072
1090
13
10
1089
1072
32
1080
1079
1074
1098
1085
1079
1077
1084
1085
1080
32
1082
1088
1080
1089
1090
1072
1083
1080
44
32
1082
1086
1080
1090
1086
32
1084
1086
1078
1077
1096
32
1076
1072
32
1085
1072
1084
1077
1088
1080
1096
32
1074
32
1075
1086
1088
1072
1090
1072
46
13
10
1050
1086
1075
1072
1090
1086
32
1089
1098
1073
1077
1088
1077
1096
32
1085
1077
1086
1073
1093
1086
1076
1080
1084
1080
1103
32
1073
1088
1086
1081
32
1082
1088
1080
1089
1090
1072
1083
1080
44
32
1084
1080
1085
1072
1074
1072
1096
32
1085
1072
32
13
10
1089
1083
1077
1076
1074
1072
1097
1086
32
1085
1080
1074
1086
46
32
1055
1086
32
1087
1098
1090
1103
32
1089
1080
32
1084
1086
1078
1077
1096
32
1076
1072
32
1085
1072
1084
1080
1088
1072
1096
32
1080
32
1076
1088
1091
1075
1080
32
1073
1083
1072
1075
1080
1085
1082
1080
13
10
45
32
1086
1090
1074
1072
1088
1080
44
32
1082
1086
1080
1090
1086
32
1090
1077
32
1083
1077
1082
1091
1074
1072
1090
32
1080
32
1082
1091
1087
1095
1080
1085
1082
1080
32
1079
1083
1072
1090
1086
46
13
10
13
10
1059
1087
1088
1072
1074
1083
1103
1074
1072
1081
32
1089
1098
1089
32
1089
1090
1088
1077
1083
1082
1080
1090
1077
32
1080
32
1089
1090
1088
1077
1083
1103
1081
32
1089
32
1084
1080
1096
1082
1072
1090
1072
46
32
1052
1086
1078
1077
1096
32
1076
1072
32
1089
1082
1086
1095
1080
1096
13
10
1074
1098
1088
1093
1091
44
32
1082
1086
1103
1090
1086
32
1089
1080
32
1080
1089
1082
1072
1096
32
1087
1083
1072
1090
1092
1086
1088
1084
1072
44
32
1080
1083
1080
32
1076
1072
32
1103
32
1079
1072
1086
1073
1080
1082
1086
1083
1080
1096
46
0
